214 214 214 214 255 214 214 214 255 255 255 255 214 214 214 214
214 217 215 255 255 215 214 214 215 254 254 255 255 215 217 214
214 215 214 255 255 255 214 214 255 214 214 255 255 214 215 214
214 255 255 255 255 214 214 214 255 214 255 255 255 255 255 214
255 255 255 255 255 214 255 214 255 255 255 255 255 255 255 255
214 254 243 214 255 255 255 214 214 255 214 214 214 243 214 255
214 255 214 255 214 255 255 255 214 214 255 214 255 225 255 214
214 255 243 214 255 255 255 255 214 214 255 214 255 214 214 214
255 255 255 214 214 255 255 255 214 255 214 255 255 243 215 214
255 255 243 255 214 214 214 255 214 255 214 255 255 243 214 255
255 255 214 214 214 255 214 214 214 255 255 214 214 225 215 255
255 255 255 255 255 214 255 214 214 255 255 255 255 214 255 255
214 255 255 255 255 255 214 255 255 214 214 255 255 243 254 255
214 215 214 255 255 214 243 255 214 255 243 214 243 243 255 225
214 217 215 255 255 215 214 215 214 215 255 215 215 243 214 214
214 214 214 214 255 214 255 255 255 255 214 255 214 214 255 255
 36  36  36  36 255  36  36  36 255 255 255 255  36  36  36  36
 36  50  43 255 255  43  36  36  43 248 248 255 255  43  50  36
 36  43  36 255 255 255  36  36 255  36  36 255 255  36  43  36
 36 255 255 255 255  36  36  36 255  36 255 255 255 255 255  36
255 255 255 255 255  36 255  36 255 255 255 255 255 255 255 255
 36 248 193  36 255 255 255  36  36 255  36  36  36 193  36 255
 36 255  36 255  36 255 255 255  36  36 255  36 255  98 255  36
 36 255 193  36 255 255 255 255  36  36 255  36 255  36  36  36
255 255 255  36  36 255 255 255  36 255  36 255 255 193  43  36
255 255 193 255  36  36  36 255  36 255  36 255 255 193  36 255
255 255  36  36  36 255  36  36  36 255 255  36  36  98  43 255
255 255 255 255 255  36 255  36  36 255 255 255 255  36 255 255
 36 255 255 255 255 255  36 255 255  36  36 255 255 193 248 255
 36  43  36 255 255  36 193 255  36 255 193  36 193 193 253  98
 36  50  43 255 255  43  36  43  36  43 255  43  43 190  36  36
 36  36  36  36 255  36 255 255 255 255  36 255  36  36 255 255
155 155 155 155 255 155 155 155 255 255 255 255 155 155 155 155
155 161 158 255 255 158 155 155 158 252 252 255 255 158 161 155
155 158 155 255 255 255 155 155 255 155 155 255 255 155 158 155
155 255 255 255 255 155 155 155 255 155 255 255 255 255 255 155
255 255 255 255 255 155 255 155 255 255 255 255 255 255 255 255
155 252 227 155 255 255 255 155 155 255 155 155 155 227 155 255
155 255 155 255 155 255 255 255 155 155 255 155 255 183 255 155
155 255 227 155 255 255 255 255 155 155 255 155 255 155 155 155
255 255 255 155 155 255 255 255 155 255 155 255 255 227 158 155
255 255 227 255 155 155 155 255 155 255 155 255 255 227 155 255
255 255 155 155 155 255 155 155 155 255 255 155 155 183 158 255
255 255 255 255 255 155 255 155 155 255 255 255 255 155 255 255
155 255 255 255 255 255 155 255 255 155 155 255 255 227 252 255
155 158 155 255 255 155 227 255 155 255 227 155 227 227 254 183
155 161 158 255 255 158 155 158 155 158 255 158 158 225 155 155
155 155 155 155 255 155 255 255 255 255 155 255 155 155 255 255

214 214 214 214 255 255 214 214 214 255 255 255 255 225 214 255
214 217 215 255 255 214 255 214 215 214 215 255 254 255 214 255
214 215 214 255 255 243 225 214 243 243 225 214 243 243 243 214
214 255 255 255 255 214 255 255 255 255 214 255 255 243 215 214
255 255 255 255 255 214 214 214 255 255 214 255 255 214 215 255
255 254 214 255 255 214 255 255 214 214 255 255 214 243 255 214
255 254 214 214 255 255 214 214 255 255 255 255 214 255 215 255
255 215 255 255 255 214 214 214 214 214 214 214 255 214 214 255
214 214 214 214 214 214 255 255 255 255 214 214 255 255 215 255
214 214 214 214 255 255 255 255 255 214 214 255 214 243 214 255
214 215 255 214 214 255 255 255 255 214 255 214 255 214 215 214
255 255 255 255 255 255 214 255 214 214 214 255 255 255 255 255
214 255 255 255 255 214 255 214 214 255 214 255 255 255 255 214
214 215 214 255 255 243 214 243 255 243 214 255 255 214 215 214
214 217 215 255 255 254 255 255 255 255 255 255 255 215 217 214
214 214 214 214 255 214 214 214 255 255 255 255 214 214 214 214
 36  36  36  36 255 255  36  36  36 255 255 255 255  98  36 255
 36  50  43 255 255  36 255  36  43  36  43 255 248 253  36 255
 36  43  36 255 255 193  98  36 193 193  98  36 193 193 190  36
 36 255 255 255 255  36 255 255 255 255  36 255 255 193  43  36
255 255 255 255 255  36  36  36 255 255  36 255 255  36  43 255
255 248  36 255 255  36 255 255  36  36 255 255  36 193 255  36
255 248  36  36 255 255  36  36 255 255 255 255  36 255  43 255
255  43 255 255 255  36  36  36  36  36  36  36 255  36  36 255
 36  36  36  36  36  36 255 255 255 255  36  36 255 255  43 255
 36  36  36  36 255 255 255 255 255  36  36 255  36 193  36 255
 36  43 255  36  36 255 255 255 255  36 255  36 255  36  43  36
255 255 255 255 255 255  36 255  36  36  36 255 255 255 255 255
 36 255 255 255 255  36 255  36  36 255  36 255 255 255 255  36
 36  43  36 255 255 193  36 193 255 193  36 255 255  36  43  36
 36  50  43 255 255 248 255 255 255 255 255 255 255  43  50  36
 36  36  36  36 255  36  36  36 255 255 255 255  36  36  36  36
155 155 155 155 255 255 155 155 155 255 255 255 255 183 155 255
155 161 158 255 255 155 255 155 158 155 158 255 252 254 155 255
155 158 155 255 255 227 183 155 227 227 183 155 227 227 225 155
155 255 255 255 255 155 255 255 255 255 155 255 255 227 158 155
255 255 255 255 255 155 155 155 255 255 155 255 255 155 158 255
255 252 155 255 255 155 255 255 155 155 255 255 155 227 255 155
255 252 155 155 255 255 155 155 255 255 255 255 155 255 158 255
255 158 255 255 255 155 155 155 155 155 155 155 255 155 155 255
155 155 155 155 155 155 255 255 255 255 155 155 255 255 158 255
155 155 155 155 255 255 255 255 255 155 155 255 155 227 155 255
155 158 255 155 155 255 255 255 255 155 255 155 255 155 158 155
255 255 255 255 255 255 155 255 155 155 155 255 255 255 255 255
155 255 255 255 255 155 255 155 155 255 155 255 255 255 255 155
155 158 155 255 255 227 155 227 255 227 155 255 255 155 158 155
155 161 158 255 255 252 255 255 255 255 255 255 255 158 161 155
155 155 155 155 255 155 155 155 255 255 255 255 155 155 155 155

255 255 214 214 255 214 255 255 255 255 214 255 214 214 214 214
214 214 243 215 215 255 215 214 215 214 215 255 255 215 217 214
225 255 243 243 214 243 255 214 255 243 214 255 255 214 215 214
255 254 243 255 255 214 214 255 255 214 255 255 255 255 255 214
255 255 214 255 255 255 255 214 214 255 214 255 255 255 255 255
255 215 225 214 214 255 255 214 214 214 255 214 214 214 255 255
255 214 243 255 255 214 255 214 255 214 214 214 255 243 255 255
214 215 243 255 255 214 255 214 255 255 255 214 214 255 255 255
214 214 214 255 214 255 214 214 255 255 255 255 214 243 255 214
214 255 225 255 214 255 214 214 255 255 255 214 255 214 255 214
255 214 243 214 214 214 255 214 214 255 255 255 214 243 254 214
255 255 255 255 255 255 255 255 214 255 214 255 255 255 255 255
214 255 255 255 255 255 214 255 214 214 214 255 255 255 255 214
214 215 214 255 255 214 214 255 214 214 255 255 255 214 215 214
214 217 215 255 255 254 254 215 214 214 215 255 255 215 217 214
214 214 214 214 255 255 255 255 214 214 214 255 214 214 214 214
255 255  36  36 255  36 255 255 255 255  36 255  36  36  36  36
 36  36 190  43  43 255  43  36  43  36  43 255 255  43  50  36
 98 253 193 193  36 193 255  36 255 193  36 255 255  36  43  36
255 248 193 255 255  36  36 255 255  36 255 255 255 255 255  36
255 255  36 255 255 255 255  36  36 255  36 255 255 255 255 255
255  43  98  36  36 255 255  36  36  36 255  36  36  36 255 255
255  36 193 255 255  36 255  36 255  36  36  36 255 193 255 255
 36  43 193 255 255  36 255  36 255 255 255  36  36 255 255 255
 36  36  36 255  36 255  36  36 255 255 255 255  36 193 255  36
 36 255  98 255  36 255  36  36 255 255 255  36 255  36 255  36
255  36 193  36  36  36 255  36  36 255 255 255  36 193 248  36
255 255 255 255 255 255 255 255  36 255  36 255 255 255 255 255
 36 255 255 255 255 255  36 255  36  36  36 255 255 255 255  36
 36  43  36 255 255  36  36 255  36  36 255 255 255  36  43  36
 36  50  43 255 255 248 248  43  36  36  43 255 255  43  50  36
 36  36  36  36 255 255 255 255  36  36  36 255  36  36  36  36
255 255 155 155 255 155 255 255 255 255 155 255 155 155 155 155
155 155 225 158 158 255 158 155 158 155 158 255 255 158 161 155
183 254 227 227 155 227 255 155 255 227 155 255 255 155 158 155
255 252 227 255 255 155 155 255 255 155 255 255 255 255 255 155
255 255 155 255 255 255 255 155 155 255 155 255 255 255 255 255
255 158 183 155 155 255 255 155 155 155 255 155 155 155 255 255
255 155 227 255 255 155 255 155 255 155 155 155 255 227 255 255
155 158 227 255 255 155 255 155 255 255 255 155 155 255 255 255
155 155 155 255 155 255 155 155 255 255 255 255 155 227 255 155
155 255 183 255 155 255 155 155 255 255 255 155 255 155 255 155
255 155 227 155 155 155 255 155 155 255 255 255 155 227 252 155
255 255 255 255 255 255 255 255 155 255 155 255 255 255 255 255
155 255 255 255 255 255 155 255 155 155 155 255 255 255 255 155
155 158 155 255 255 155 155 255 155 155 255 255 255 155 158 155
155 161 158 255 255 252 252 158 155 155 158 255 255 158 161 155
155 155 155 155 255 255 255 255 155 155 155 255 155 155 155 155

214 214 214 214 255 255 255 255 214 214 214 255 214 214 214 214
214 217 215 255 255 255 255 255 255 255 254 255 255 215 217 214
214 215 214 255 255 214 243 255 243 214 243 255 255 214 215 214
214 255 255 255 255 214 255 214 214 255 214 255 255 255 255 214
255 255 255 255 255 214 214 214 255 214 255 255 255 255 255 255
214 215 214 255 214 255 214 255 255 255 255 214 214 255 215 214
255 214 243 214 255 214 214 255 255 255 255 255 214 214 214 214
255 215 255 255 214 214 255 255 255 255 214 214 214 214 214 214
255 214 214 255 214 214 214 214 214 214 214 255 255 255 215 255
255 215 255 214 255 255 255 255 214 214 255 255 214 214 254 255
214 255 243 214 255 255 214 214 255 255 214 255 255 214 254 255
255 215 214 255 255 214 255 255 214 214 214 255 255 255 255 255
214 215 243 255 255 214 255 255 255 255 214 255 255 255 255 214
214 243 243 243 214 225 243 243 214 225 243 255 255 214 215 214
255 214 255 254 255 215 214 215 214 255 214 255 255 215 217 214
255 214 225 255 255 255 255 214 214 214 255 255 214 214 214 214
 36  36  36  36 255 255 255 255  36  36  36 255  36  36  36  36
 36  50  43 255 255 255 255 255 255 255 248 255 255  43  50  36
 36  43  36 255 255  36 193 255 193  36 193 255 255  36  43  36
 36 255 255 255 255  36 255  36  36 255  36 255 255 255 255  36
255 255 255 255 255  36  36  36 255  36 255 255 255 255 255 255
 36  43  36 255  36 255  36 255 255 255 255  36  36 255  43  36
255  36 193  36 255  36  36 255 255 255 255 255  36  36  36  36
255  43 255 255  36  36 255 255 255 255  36  36  36  36  36  36
255  36  36 255  36  36  36  36  36  36  36 255 255 255  43 255
255  43 255  36 255 255 255 255  36  36 255 255  36  36 248 255
 36 255 193  36 255 255  36  36 255 255  36 255 255  36 248 255
255  43  36 255 255  36 255 255  36  36  36 255 255 255 255 255
 36  43 193 255 255  36 255 255 255 255  36 255 255 255 255  36
 36 190 193 193  36  98 193 193  36  98 193 255 255  36  43  36
255  36 253 248 255  43  36  43  36 255  36 255 255  43  50  36
255  36  98 255 255 255 255  36  36  36 255 255  36  36  36  36
155 155 155 155 255 255 255 255 155 155 155 255 155 155 155 155
155 161 158 255 255 255 255 255 255 255 252 255 255 158 161 155
155 158 155 255 255 155 227 255 227 155 227 255 255 155 158 155
155 255 255 255 255 155 255 155 155 255 155 255 255 255 255 155
255 255 255 255 255 155 155 155 255 155 255 255 255 255 255 255
155 158 155 255 155 255 155 255 255 255 255 155 155 255 158 155
255 155 227 155 255 155 155 255 255 255 255 255 155 155 155 155
255 158 255 255 155 155 255 255 255 255 155 155 155 155 155 155
255 155 155 255 155 155 155 155 155 155 155 255 255 255 158 255
255 158 255 155 255 255 255 255 155 155 255 255 155 155 252 255
155 255 227 155 255 255 155 155 255 255 155 255 255 155 252 255
255 158 155 255 255 155 255 255 155 155 155 255 255 255 255 255
155 158 227 255 255 155 255 255 255 255 155 255 255 255 255 155
155 225 227 227 155 183 227 227 155 183 227 255 255 155 158 155
255 155 254 252 255 158 155 158 155 255 155 255 255 158 161 155
255 155 183 255 255 255 255 155 155 155 255 255 155 155 155 155
